"to_company_industry";"mycount"
96;19
68;14
48;11
8;11
43;11
14;9
27;8
4;6
41;6
112;5
70;5
11;5
15;4
75;4
100;4
3;4
47;4
71;4
86;4
57;4
98;3
135;3
6;3
23;3
9;3
44;3
1;3
36;3
115;3
131;2
69;2
80;2
24;2
94;2
53;2
128;2
122;2
104;2
46;2
144;2
32;2
137;1
106;1
143;1
54;1
132;1
61;1
110;1
116;1
22;1
45;1
99;1
55;1
83;1
84;1
145;1
147;1
30;1
121;1
33;1
19;1
105;1
123;1
31;1
35;1
76;1
52;1
124;1
5;1
114;1
82;1
34;1
10;1
26;1
42;1
90;1
